10000
101,175
253,495
894,533
252,489
727,452
185,928
631,206
566,458
920,401
407,310
570,802
352,728
375,647
992,931
350,672
756,564
763,211
539,823
541,497
76,106
519,316
961,743
507,239
314,89
799,202
366,662
956,524
891,304
115,396
239,59
474,402
739,44
333,678
816,515
729,989
69,716
428,846
83,62
455,728
875,3
674,641
676,604
439,339
660,665
657,830
326,494
271,452
224,586
961,151
698,264
176,439
850,413
142,312
414,600
777,861
983,522
20,328
486,621
819,261
76,47
753,248
782,954
620,375
692,946
415,410
241,414
421,749
592,475
871,142
20,944
78,440
331,604
809,252
108,934
95,224
414,453
8,791
169,582
380,105
384,770
805,446
566,33
239,387
99,878
471,890
613,342
741,848
73,407
937,905
3,398
778,332
400,12
147,602
592,669
651,37
127,79
881,416
612,302
228,314
878,923
508,303
43,942
553,792
284,380
611,677
632,566
837,598
871,743
281,221
763,38
973,349
788,469
161,796
390,35
64,134
328,427
174,808
381,140
905,347
177,784
11,166
153,471
785,6
291,780
887,877
832,773
809,742
360,416
232,869
441,849
694,354
440,128
396,973
268,706
26,724
961,499
225,781
750,225
995,272
848,440
320,827
394,778
301,823
308,919
968,789
803,616
468,446
287,767
674,783
780,331
6,397
359,657
970,835
882,489
580,924
722,902
150,134
232,103
142,371
768,939
631,958
329,448
915,748
323,12
112,1
532,43
606,135
266,988
259,529
649,312
433,112
718,798
315,591
257,716
505,305
270,839
201,9
589,295
226,954
639,260
303,567
945,380
431,275
235,908
818,939
439,748
781,663
130,927
279,644
107,29
750,556
498,636
796,926
464,780
978,164
518,627
557,69
745,157
897,45
460,31
392,135
806,956
504,251
397,923
693,666
778,293
844,22
344,542
249,212
188,30
796,48
590,43
422,993
644,25
310,73
183,851
19,30
438,238
717,28
185,533
123,924
715,884
266,169
463,754
105,67
577,220
243,866
914,264
864,467
56,974
186,293
705,296
147,160
770,691
254,865
175,78
488,652
220,854
230,804
858,543
946,147
760,980
213,861
133,708
365,882
499,32
519,673
882,214
804,479
349,993
641,168
649,699
444,611
204,570
170,849
594,928
745,375
268,681
881,687
123,505
595,872
300,542
269,236
454,554
193,61
151,223
795,915
746,19
376,565
916,246
586,13
607,827
593,888
943,798
74,216
696,289
603,222
267,645
337,889
125,159
830,557
927,466
529,951
661,600
765,456
839,162
180,607
882,300
264,653
565,160
727,826
249,59
867,777
434,102
940,677
780,812
347,141
469,37
799,207
646,688
302,649
213,181
233,437
30,232
537,958
627,853
319,976
278,992
323,468
692,691
538,406
60,6
479,105
175,107
393,111
562,351
454,789
861,317
841,382
215,87
531,63
905,56
763,345
437,941
404,560
421,463
417,167
354,252
280,436
9,946
404,828
344,38
16,61
696,308
3,238
141,877
865,950
158,247
724,852
436,657
705,495
413,150
228,877
203,997
483,940
709,484
929,482
270,701
845,828
782,370
92,757
432,333
328,627
155,974
550,592
222,901
20,221
269,627
924,778
555,440
458,968
2,645
363,701
137,868
323,468
607,478
433,734
149,628
608,813
307,303
867,345
600,660
55,363
842,893
674,438
322,923
569,79
489,750
822,660
47,476
203,365
995,952
699,599
213,900
151,371
584,316
955,571
488,147
859,292
285,915
302,186
369,724
259,807
535,611
625,283
456,276
903,7
335,561
931,410
18,640
225,534
285,508
245,513
204,296
151,115
135,118
589,238
343,26
671,280
313,51
770,365
599,804
627,247
981,660
959,899
535,743
206,891
532,174
256,386
126,475
12,334
181,953
828,727
470,574
576,431
944,94
501,586
230,924
483,197
322,789
651,805
573,380
109,858
720,922
908,816
358,928
195,280
366,478
554,174
954,409
252,760
329,430
1,738
647,643
67,627
163,605
547,30
666,556
849,801
777,908
469,977
978,243
437,671
117,608
542,242
602,576
635,900
625,71
553,148
296,290
694,499
47,393
34,257
558,442
414,471
897,976
599,367
147,649
465,904
148,700
611,487
746,425
54,854
288,798
971,113
439,534
978,952
119,595
461,14
481,743
634,189
694,256
512,389
778,598
407,841
294,966
633,486
244,939
125,982
555,299
226,737
375,675
535,495
288,587
705,725
580,167
476,236
507,526
617,717
516,230
807,176
50,684
611,415
49,937
71,787
584,593
651,411
121,599
463,563
489,997
17,40
39,679
105,604
57,156
536,981
486,470
45,192
487,745
987,711
772,406
51,157
452,993
486,257
939,259
186,471
916,357
645,748
402,307
194,141
134,599
917,865
186,743
389,257
857,963
2,446
314,928
122,93
492,973
594,31
970,563
284,990
91,138
630,819
94,663
4,67
627,986
635,642
410,834
313,435
75,415
872,394
61,335
250,573
862,237
290,457
0,360
996,471
43,234
439,357
268,561
396,507
488,834
558,146
122,121
242,828
162,28
487,606
983,976
406,884
152,548
71,109
72,289
788,424
789,329
264,951
999,23
855,172
896,644
957,751
913,513
290,335
56,86
770,415
384,521
472,31
395,362
512,474
203,479
105,985
950,102
683,205
982,290
545,200
195,855
590,629
799,376
837,174
325,264
496,554
552,960
712,559
841,240
874,132
134,513
522,106
810,953
174,422
846,373
512,616
232,86
397,228
185,699
201,165
285,414
490,551
220,628
709,344
572,538
645,164
977,375
657,884
675,496
702,437
240,540
909,348
919,728
299,509
737,772
691,529
630,229
347,485
408,644
714,70
634,792
533,503
366,373
3,627
304,607
257,594
62,38
506,669
343,58
907,926
277,886
883,932
141,237
489,86
845,525
148,830
980,132
741,210
744,616
248,899
674,872
916,133
354,865
773,605
431,251
618,23
812,948
603,643
569,250
759,763
938,719
899,352
705,156
118,115
371,310
883,996
395,783
385,672
639,597
324,887
84,244
824,354
665,571
981,111
987,397
112,323
561,561
713,690
72,114
774,41
353,736
290,118
781,276
707,731
945,718
987,40
166,661
327,470
754,226
483,577
510,657
425,436
925,201
889,594
837,869
288,121
964,21
557,207
863,170
827,916
204,876
120,176
282,558
140,535
211,701
337,162
186,685
596,518
587,614
223,228
36,349
293,794
753,935
490,594
964,770
723,431
666,718
705,726
905,512
21,891
53,17
815,601
431,560
733,372
166,537
450,239
543,421
470,892
116,719
210,705
956,746
592,676
131,217
644,77
924,669
952,177
557,279
660,957
255,548
281,133
14,892
726,107
528,18
64,890
558,480
26,393
561,150
938,44
507,802
487,190
435,805
403,140
844,421
648,305
790,247
416,607
496,801
188,44
333,74
221,217
453,749
827,947
226,941
462,138
612,534
253,408
39,801
125,243
161,661
439,739
321,173
107,234
891,946
534,47
471,702
108,908
796,889
141,456
45,988
30,63
323,807
28,755
711,279
656,860
207,401
539,561
132,280
340,461
623,991
297,855
201,958
296,787
359,49
88,18
681,916
843,91
429,51
987,958
396,86
967,448
412,347
790,767
999,548
465,367
137,812
326,43
864,362
818,693
593,761
597,368
85,987
729,271
748,348
946,774
775,75
749,100
770,914
578,966
916,155
562,978
151,981
853,825
526,708
260,682
893,900
118,138
313,523
353,992
210,752
280,74
482,829
477,754
89,428
674,120
245,102
502,418
108,51
313,112
708,816
246,528
453,993
917,308
618,744
682,315
192,949
929,825
320,209
423,434
743,780
622,655
555,489
397,490
827,608
550,753
406,385
302,964
895,974
722,700
714,353
993,475
434,228
591,349
692,811
879,304
13,814
473,622
640,317
775,507
476,0
988,187
214,751
164,153
715,282
216,56
245,205
390,86
266,839
855,562
825,926
421,337
299,762
862,774
300,948
125,88
704,143
361,434
196,769
830,916
840,554
538,778
514,299
130,819
286,778
536,926
776,526
726,439
330,536
905,517
975,39
509,892
576,494
806,120
673,762
195,11
877,139
218,779
998,965
355,993
114,267
8,545
865,521
411,291
523,423
591,754
985,292
390,638
699,123
962,681
86,297
22,995
432,356
668,475
413,211
26,593
718,968
194,322
459,307
366,216
99,599
933,563
607,335
131,392
367,446
157,619
979,235
68,695
971,228
176,380
335,587
589,175
840,672
559,913
566,82
664,525
936,932
612,752
68,699
492,974
218,565
642,995
392,712
207,914
704,513
410,544
241,863
791,397
269,289
995,842
100,20
801,47
701,671
853,545
613,670
397,813
20,635
276,650
419,308
917,645
983,599
845,304
906,846
283,348
963,718
964,892
907,166
554,390
32,18
651,632
343,319
701,657
826,211
797,349
496,483
237,736
968,924
133,564
71,222
187,750
442,880
933,349
729,826
709,276
14,389
876,966
399,379
743,948
108,513
799,392
60,271
148,746
327,650
193,665
958,544
385,292
373,590
839,879
453,405
493,964
116,651
301,75
153,136
265,530
244,734
398,413
845,362
671,1
515,90
355,67
517,17
313,305
700,600
477,973
976,195
7,172
921,257
819,519
764,549
231,160
122,647
552,833
222,264
57,591
196,326
732,161
389,503
48,954
463,337
257,633
207,193
750,707
708,840
619,715
335,721
37,724
901,31
53,413
146,151
758,354
772,350
241,212
557,339
850,638
624,528
305,139
221,837
248,113
850,951
173,479
516,85
950,639
892,0
412,795
332,457
960,903
766,337
107,461
61,340
419,832
187,840
95,104
533,235
958,695
982,950
575,342
191,496
499,641
20,305
337,442
692,784
777,818
713,126
308,76
374,653
18,83
474,430
907,116
123,570
660,924
773,224
921,961
510,864
356,819
544,430
6,243
158,62
680,525
876,532
419,15
507,925
312,779
590,586
556,947
184,257
788,189
526,830
320,897
995,54
172,467
857,813
392,461
672,284
35,854
724,980
622,323
942,803
566,410
614,196
53,501
210,89
511,363
693,57
322,228
390,218
735,984
986,206
759,996
318,446
915,844
201,742
771,979
867,158
947,609
522,682
276,104
366,486
766,334
154,884
532,80
632,807
541,900
383,865
26,873
954,321
241,917
27,496
588,938
80,934
55,94
229,959
571,949
893,682
38,190
964,147
118,999
700,255
412,302
829,343
499,750
125,881
882,120
185,410
327,177
76,56
35,865
816,650
21,584
555,797
357,89
618,940
128,909
553,572
492,718
976,957
304,298
979,849
53,996
420,183
76,835
491,684
610,496
657,323
730,195
329,314
558,505
503,896
731,518
326,984
743,296
275,734
474,205
997,886
842,879
247,820
839,424
845,825
235,238
709,537
872,2
540,733
35,487
992,607
515,955
995,580
74,841
635,242
568,980
508,50
874,309
985,589
991,406
41,908
211,297
646,615
248,970
53,753
608,478
204,154
467,653
377,329
781,615
65,341
883,140
661,49
76,998
168,398
564,256
48,159
524,784
431,247
86,411
533,192
477,102
701,48
381,164
714,635
293,385
431,713
961,411
844,850
919,335
742,274
69,834
172,316
709,826
222,626
339,2
708,699
504,357
76,239
442,158
942,961
399,67
733,975
957,924
854,412
377,63
786,229
845,64
703,234
385,158
862,152
313,427
137,853
185,127
558,121
345,75
790,603
726,574
0,544
878,336
73,863
774,531
263,305
736,461
622,827
12,486
513,105
670,841
483,335
619,369
416,1
367,404
60,606
447,124
305,508
616,549
902,112
823,592
363,675
172,495
590,14
855,905
394,435
357,132
714,672
651,495
266,704
633,915
330,752
404,947
209,188
888,370
946,864
2,137
825,242
563,77
334,337
396,201
793,766
187,648
135,391
504,909
845,661
577,549
572,836
611,292
64,12
556,420
968,375
262,883
567,411
994,631
763,47
459,880
664,369
118,374
922,47
966,447
71,84
172,395
403,199
740,924
405,486
272,998
825,112
902,976
925,276
398,161
221,127
359,21
555,103
698,547
470,819
201,30
525,852
145,579
411,422
891,501
183,423
885,744
707,620
35,55
517,123
558,708
47,848
269,156
445,815
117,411
855,687
841,161
890,339
293,316
976,145
764,630
586,427
238,966
161,872
949,476
158,270
402,8
237,762
683,752
64,269
75,347
13,748
633,658
240,712
579,845
319,919
897,262
812,939
51,851
549,38
300,502
62,905
784,2
526,81
763,265
827,358
61,932
565,946
803,904
239,638
784,782
496,472
442,457
190,850
142,634
821,889
317,625
107,144
863,869
264,705
225,894
147,614
682,554
62,957
595,325
341,887
492,96
934,21
179,721
706,188
213,229
900,584
294,535
764,110
684,28
892,295
153,211
370,18
495,724
583,241
829,175
980,541
803,602
798,53
828,588
848,447
239,524
761,735
300,209
627,501
441,592
560,54
179,597
825,768
920,760
40,874
308,922
760,494
198,441
876,592
166,660
610,422
633,195
917,84
736,57
450,617
959,625
319,424
337,109
372,509
586,569
206,671
150,124
200,31
302,88
979,696
89,724
996,325
950,182
244,518
613,860
136,698
938,920
930,673
917,397
968,818
170,317
431,282
707,905
169,552
62,511
458,473
484,969
947,901
779,783
287,14
285,246
329,709
105,592
482,659
611,249
163,522
779,821
591,256
757,844
495,758
731,171
767,576
935,676
65,766
529,779
717,439
744,560
626,928
988,705
108,898
860,230
393,32
593,833
194,998
782,451
558,77
791,293
662,752
205,830
409,810
436,397
509,219
957,270
431,38
222,554
238,317
685,653
767,150
662,810
803,157
95,178
539,441
143,392
694,813
660,674
301,14
669,685
586,872
141,273
731,364
408,466
457,710
287,614
933,282
996,550
159,364
806,169
745,724
918,686
726,639
387,341
187,555
784,492
92,24
91,834
108,572
757,55
510,808
534,128
252,249
89,664
121,450
733,998
131,653
244,671
568,390
801,296
617,757
316,543
372,977
440,361
135,368
858,928
175,618
369,776
96,722
169,737
428,321
427,75
878,190
431,470
77,612
482,59
88,699
954,22
192,746
298,182
192,31
958,669
605,71
923,737
862,337
174,741
155,613
167,540
739,588
247,728
769,477
943,771
991,395
103,569
810,992
798,960
465,994
45,349
411,921
71,373
226,55
740,801
387,458
50,384
617,835
774,651
448,141
400,971
972,129
259,930
775,883
646,152
60,313
756,455
804,592
31,497
192,240
264,489
19,29
836,561
267,190
618,445
688,942
890,242
325,719
300,378
880,990
198,78
206,196
406,391
266,65
605,25
625,322
559,140
645,537
390,788
841,133
537,542
952,973
753,66
806,46
638,241
360,133
202,874
835,204
526,776
45,43
575,180
11,480
214,319
807,175
780,980
527,598
533,696
972,377
943,897
790,957
266,841
313,488
932,999
152,23
961,924
491,887
542,483
568,840
618,133
945,444
440,977
876,241
899,564
609,304
748,446
814,428
964,520
789,591
384,264
622,185
60,97
861,180
649,785
599,656
78,765
366,403
416,994
710,927
301,317
797,711
645,932
243,758
824,879
138,184
469,359
304,2
939,317
173,81
946,669
848,492
170,974
250,759
688,37
921,979
410,816
708,606
724,796
697,379
956,418
651,142
97,816
790,195
33,674
441,108
985,677
795,405
554,88
277,338
83,535
846,7
105,552
74,349
648,278
685,206
571,316
381,230
823,17
709,299
107,380
210,793
856,686
87,375
215,733
466,287
679,83
654,425
73,937
405,218
361,151
280,573
877,921
761,242
382,270
991,100
898,782
213,893
385,688
882,360
664,78
133,683
283,409
842,318
856,562
203,605
732,598
389,757
74,502
70,658
846,248
206,102
348,834
903,949
307,58
165,748
198,77
954,125
426,211
412,502
320,467
721,946
783,73
385,934
681,890
388,542
807,602
290,308
122,317
715,731
813,806
638,732
917,967
879,778
763,69
53,453
267,151
599,549
355,326
705,899
454,691
226,69
562,163
553,654
133,554
744,590
249,669
124,962
132,346
776,711
9,967
776,713
959,165
28,799
639,539
708,983
318,449
644,154
762,565
921,551
430,461
739,866
146,163
987,238
937,34
974,595
785,778
806,145
91,328
143,721
565,830
373,438
932,142
981,595
452,405
774,26
497,427
285,156
759,58
297,623
839,58
438,235
762,592
288,686
976,725
210,201
577,137
763,852
46,198
780,260
596,444
818,520
411,969
609,880
1,103
645,715
769,963
324,184
736,129
523,445
916,323
441,624
839,685
676,972
491,359
701,881
840,740
353,12
720,204
944,531
807,673
971,850
865,311
703,900
419,895
93,815
839,314
206,647
984,188
140,215
568,791
704,907
612,951
68,721
973,428
513,320
351,656
534,596
227,526
862,71
322,898
473,251
612,758
586,753
564,576
234,729
817,987
760,262
56,245
514,269
173,500
71,436
817,557
333,181
247,419
333,808
97,86
394,214
445,150
783,78
304,840
962,920
267,766
833,599
206,146
727,19
642,263
99,93
753,245
884,512
666,463
274,153
489,861
945,115
225,306
569,789
738,227
322,57
590,231
131,108
324,139
468,914
921,253
409,425
116,871
584,157
511,338
640,924
993,947
926,494
264,835
971,451
302,378
12,413
719,810
119,331
670,574
268,898
572,431
31,153
870,849
69,245
654,222
375,530
905,543
691,320
762,111
753,850
210,350
9,67
255,108
3,163
787,999
752,264
940,200
687,629
66,113
297,151
31,309
696,542
670,544
30,638
991,621
367,416
254,570
906,609
626,360
215,739
933,785
268,901
347,404
416,763
385,888
583,412
976,704
582,155
593,833
469,114
201,540
927,449
558,238
463,492
6,394
506,967
368,597
837,930
106,984
14,649
717,90
476,560
297,386
103,443
460,514
126,636
382,300
30,818
668,164
589,997
337,7
190,989
536,149
925,638
789,522
952,448
63,551
170,744
700,783
203,129
222,542
112,324
462,296
291,623
972,907
414,46
701,417
644,391
842,216
3,964
713,82
69,794
326,1
676,853
476,508
389,167
41,486
156,850
574,659
465,557
729,546
43,676
19,897
32,398
363,229
386,726
820,930
361,474
940,759
470,972
780,133
459,557
471,383
840,68
657,439
842,548
278,910
160,935
515,588
709,370
371,471
560,613
410,529
658,420
687,537
357,396
598,337
681,103
978,309
117,982
634,728
405,255
970,89
615,837
941,598
257,554
798,366
593,590
560,891
384,874
342,813
316,436
308,891
322,465
712,455
490,323
526,350
678,688
485,970
33,905
743,20
953,916
209,775
952,863
753,91
612,957
36,983
499,543
241,602
710,753
964,896
171,733
254,572
289,409
824,792
106,46
169,555
655,918
727,961
715,828
496,981
952,60
242,147
403,654
89,468
766,979
256,355
216,963
819,157
591,807
741,117
758,158
226,773
159,653
507,351
541,173
151,297
671,46
233,684
747,703
192,131
528,84
452,392
815,95
670,501
617,731
858,787
913,846
76,869
168,700
552,908
341,966
693,523
819,426
85,326
882,513
647,71
657,182
575,214
214,23
751,811
478,893
522,561
226,565
542,600
346,319
484,211
750,581
907,118
419,62
935,885
73,196
692,162
540,58
672,426
397,411
420,208
670,144
386,360
631,626
870,33
768,346
865,750
331,351
188,865
200,871
676,512
345,590
86,410
370,837
70,457
807,445
176,443
410,246
492,268
97,874
318,399
116,589
575,958
886,844
391,222
963,273
683,583
850,19
581,802
114,565
157,275
516,438
910,423
126,451
738,321
151,94
398,206
439,934
666,15
703,949
298,182
421,148
730,435
301,769
208,927
232,239
969,416
798,165
747,800
331,854
425,566
364,349
358,654
61,473
885,137
872,268
874,712
401,292
603,292
425,297
388,171
104,33
589,145
205,690
14,993
45,347
882,509
814,675
758,364
199,140
489,654
661,885
787,12
428,938
539,247
874,655
837,118
148,519
917,415
708,245
157,50
685,236
182,460
341,206
510,713
653,398
447,629
38,760
466,863
968,226
237,624
575,513
389,587
385,513
350,531
23,959
937,99
905,779
423,545
26,423
350,142
961,74
310,972
486,612
268,177
831,565
380,59
583,486
499,297
789,956
333,336
559,434
819,595
492,64
305,441
836,837
873,303
32,671
344,398
107,950
712,873
917,818
294,391
815,805
389,835
609,477
671,769
814,461
492,555
13,622
885,725
322,805
337,505
698,265
113,642
420,109
982,129
228,656
126,238
842,26
324,536
506,863
418,159
380,488
357,795
59,175
382,850
20,16
408,746
394,794
995,721
347,891
892,431
217,895
997,176
192,236
211,727
787,512
363,332
852,407
915,816
816,625
140,790
724,908
940,144
29,814
684,672
532,226
848,727
751,11
252,307
643,925
839,882
770,647
73,119
135,997
72,643
414,830
771,330
570,536
933,232
235,17
929,179
74,665
722,694
739,341
464,383
186,481
284,31
29,742
809,722
570,951
584,893
563,6
637,165
599,519
826,718
155,291
622,34
983,791
17,500
240,431
834,668
415,231
966,144
592,651
759,224
65,894
226,152
354,331
574,769
604,17
606,657
108,379
565,110
631,25
998,679
152,885
744,871
723,426
770,452
189,576
453,78
920,897
118,289
756,291
240,341
249,303
250,863
779,497
922,445
622,370
834,455
499,361
506,41
888,908
296,91
361,691
916,317
383,974
762,771
985,135
401,769
213,750
498,762
6,375
46,84
619,877
889,729
734,323
149,332
706,789
751,279
444,807
702,723
315,644
573,968
187,456
661,994
818,388
387,319
597,134
878,118
692,724
455,857
244,185
911,160
121,526
809,321
737,89
341,140
479,136
564,735
279,874
707,310
519,638
382,272
366,739
768,257
853,581
789,454
628,84
742,490
97,875
289,497
270,72
769,710
641,324
4,143
679,752
275,261
869,949
568,295
211,447
445,151
63,901
738,705
899,483
160,271
896,857
649,531
444,265
160,14
276,862
309,269
697,374
712,597
980,66
130,924
572,320
652,471
663,805
322,793
676,755
458,403
219,287
939,0
34,868
394,473
67,750
864,954
270,173
626,257
573,306
567,448
167,945
337,854
49,195
287,119
780,401
301,898
879,964
383,676
504,447
903,105
814,871
607,583
383,708
57,288
197,33
886,800
629,630
147,504
581,242
219,879
220,163
505,134
48,30
514,774
763,673
929,769
69,620
70,306
950,117
88,779
694,790
125,992
459,208
861,766
258,479
611,439
980,745
369,712
250,518
634,963
602,400
332,63
524,638
579,653
68,88
157,230
882,274
570,65
854,239
742,358
399,234
575,403
115,866
86,400
151,227
828,752
513,44
779,958
74,407
681,859
302,575
516,240
822,192
456,989
441,252
1,369
179,718
971,832
104,312
687,620
227,644
776,767
730,743
134,194
439,347
73,20
60,498
508,614
672,329
967,892
971,534
969,392
229,251
934,570
939,413
73,789
317,298
801,159
840,494
471,415
422,269
490,778
487,365
333,454
737,888
832,212
251,521
111,444
354,164
432,47
998,359
786,921
837,857
392,896
40,812
125,769
323,28
252,914
561,389
681,897
555,918
289,654
58,588
863,949
356,88
210,432
519,468
947,996
321,686
285,910
398,114
879,259
539,853
631,996
190,754
13,549
476,655
157,320
752,158
472,135
100,991
655,534
431,57
635,261
857,585
628,493
631,732
442,497
200,967
854,586
924,633
208,477
649,176
747,813
861,99
961,802
326,473
637,292
905,607
594,555
612,482
276,286
718,603
507,599
513,930
983,444
118,811
843,527
831,324
946,727
88,454
972,58
390,300
303,806
572,386
447,703
2,932
810,898
283,835
201,134
561,279
403,296
776,568
658,563
729,123
23,46
333,953
180,562
881,593
324,463
751,441
596,858
745,817
349,521
0,67
504,744
759,221
323,81
0,572
657,587
760,219
413,841
596,61
751,628
599,465
369,201
11,372
230,747
10,835
917,273
850,184
874,297
675,811
100,127
600,111
685,219
741,166
310,690
644,296
275,425
462,166
781,180
561,469
156,875
929,744
647,744
813,190
397,710
122,853
388,933
963,614
475,893
261,323
479,883
887,705
334,38
225,928
24,507
257,178
770,664
733,615
482,753
406,553
114,935
154,561
861,940
701,86
22,60
295,153
810,204
810,745
680,247
968,184
758,408
291,812
734,466
601,798
314,799
694,375
806,380
509,762
887,895
37,650
168,997
560,193
780,330
542,339
964,945
622,235
990,177
228,331
970,764
545,903
543,202
551,460
589,690
467,304
165,651
957,938
336,581
165,397
779,625
929,200
393,299
292,16
558,890
742,474
667,244
454,140
428,856
448,668
724,530
665,237
175,395
466,432
232,946
232,531
7,655
744,902
685,13
934,191
641,535
199,736
105,473
158,132
110,402
240,281
710,749
615,918
376,687
335,301
547,396
885,605
925,557
202,52
243,955
370,290
362,694
728,444
110,955
383,110
347,520
138,759
159,60
320,832
643,771
750,148
318,38
575,746
693,328
923,740
342,165
370,763
551,352
246,132
307,471
535,122
617,580
394,806
382,595
570,286
276,60
152,341
497,335
634,696
82,894
403,932
414,480
512,709
93,549
317,235
431,649
228,870
322,199
412,511
782,662
935,596
587,696
351,428
820,31
175,204
315,787
521,808
827,620
711,861
756,829
865,624
642,580
723,698
226,851
769,547
332,798
899,499
596,396
890,287
655,877
557,932
30,473
535,727
752,796
838,883
45,989
488,808
212,908
286,944
396,313
500,541
746,146
729,267
95,264
748,634
784,871
45,281
471,710
912,757
345,661
171,292
402,176
843,390
183,461
797,110
202,545
700,537
398,532
622,837
283,135
636,724
897,873
698,10
645,77
383,532
537,785
745,224
318,248
944,665
321,443
158,593
765,190
559,777
835,200
703,330
921,477
676,317
752,879
223,753
860,965
182,489
360,423
721,297
314,644
772,311
337,831
884,532
462,562
679,67
720,734
720,155
517,783
278,418
830,752
313,188
277,523
70,200
934,852
636,378
531,295
77,367
198,354
581,977
566,131
778,793
573,779
130,581
124,354
73,797
319,625
50,873
453,274
461,765
31,0
787,752
607,419
224,149
61,884
899,518
34,287
141,356
32,360
509,510
507,620
795,782
163,657
280,915
478,190
371,693
480,226
961,240
834,328
530,265
250,505
724,470
284,744
450,434
537,979
80,123
475,56
118,506
181,417
820,534
930,993
563,976
40,694
752,893
16,430
370,58
39,535
21,847
339,239
806,651
11,384
868,877
236,284
779,89
207,129
765,26
779,21
159,115
464,859
822,936
840,556
361,490
845,359
249,960
770,880
976,597
977,925
141,28
94,811
252,63
108,368
701,57
690,19
223,133
681,371
563,400
535,496
456,456
612,314
198,944
576,204
256,144
682,354
285,42
670,228
339,296
80,85
699,202
877,77
958,52
504,375
927,713
711,831
474,927
736,990
911,399
186,942
740,681
890,491
179,767
514,55
886,395
731,491
350,819
920,232
442,409
586,730
209,910
355,253
89,680
857,829
202,207
811,687
612,795
803,303
622,767
244,258
639,769
624,756
22,674
970,834
86,136
571,612
883,404
850,464
565,125
41,812
553,947
843,748
825,777
318,479
619,63
345,859
170,143
255,261
683,299
26,510
636,532
348,589
948,153
152,98
479,837
0,112
141,442
101,663
478,507
722,889
198,144
464,746
481,113
271,499
534,784
649,917
38,632
867,543
125,200
700,978
485,665
34,112
191,197
442,638
163,47
70,30
526,139
870,840
362,725
521,834
793,514
545,800
65,505
522,660
304,35
14,645
40,446
45,291
57,612
331,123
369,993
921,7
912,387
615,145
818,873
602,145
70,213
457,443
134,722
318,613
312,577
202,104
28,396
392,697
453,154
95,60
612,599
537,597
478,265
24,230
294,776
812,105
267,494
606,113
483,466
155,435
754,869
499,176
542,147
88,693
161,742
443,510
784,174
47,368
903,583
759,545
604,920
957,121
22,791
485,913
325,456
721,454
972,66
681,146
511,131
357,696
52,688
385,518
476,914
224,79
36,887
236,807
9,4
283,687
35,516
567,155
678,643
454,72
204,945
792,308
793,930
227,265
467,41
548,265
932,225
982,908
88,894
711,85
754,491
520,543
159,271
963,896
949,224
640,74
533,248
739,298
70,127
66,166
353,652
15,177
687,294
443,926
725,238
38,663
477,742
990,502
398,798
26,953
666,545
275,466
720,763
222,148
140,788
345,780
952,595
678,275
21,928
788,670
648,488
501,822
751,787
454,970
298,748
531,93
353,228
28,265
385,621
72,170
259,567
398,232
855,758
545,101
408,576
864,2
398,240
657,2
996,991
332,353
522,96
533,169
32,274
622,627
884,691
313,803
262,267
308,109
880,877
836,7
802,9
967,763
519,274
484,389
146,588
21,288
570,580
456,986
239,988
42,138
811,26
418,35
879,582
186,432
147,558
397,427
526,914
129,994
15,514
544,140
549,926
614,706
808,472
972,980
789,642
320,425
86,954
623,83
926,719
300,879
666,611
801,761
578,754
460,105
786,280
498,78
866,886
974,530
288,917
389,417
11,165
516,863
352,235
154,14
438,751
224,66
606,523
330,180
945,555
465,79
184,275
454,163
62,433
7,843
279,549
585,520
26,256
416,996
129,621
680,523
147,953
332,277
901,250
292,904
792,384
977,242
834,126
774,16
401,37
684,529
256,773
729,829
283,578
405,197
294,786
596,172
247,847
725,852
56,321
974,439
20,984
233,195
849,695
252,240
434,575
984,514
181,911
103,589
778,353
798,325
176,448
564,659
507,442
363,794
134,234
348,136
135,113
28,586
539,522
764,865
79,852
755,222
617,113
770,366
361,116
839,841
55,96
270,741
66,428
185,676
687,619
963,610
836,930
576,836
818,650
227,860
454,842
953,203
481,408
933,192
567,165
679,100
629,719
723,257
766,610
974,305
97,983
486,119
687,220
358,567
20,754
825,714
331,261
901,754
870,338
365,457
2,908
564,992
160,914
999,418
326,931
569,835
360,906
248,130
15,956
606,864
993,866
64,674
551,142
666,804
804,202
855,489
621,52
740,137
242,477
46,175
7,275
925,352
652,538
199,258
417,89
27,179
765,367
681,540
846,693
115,545
557,66
869,385
7,23
146,254
926,342
136,566
292,45
676,264
557,211
478,811
342,370
301,536
955,391
67,960
964,979
636,371
856,342
648,454
503,456
72,786
444,386
847,337
759,541
41,571
279,858
55,56
597,273
3,18
296,24
501,449
818,738
446,31
594,181
429,901
432,524
374,691
46,358
76,85
234,237
311,812
486,892
327,121
981,597
802,957
179,558
29,839
805,211
929,198
452,872
395,35
120,128
953,779
381,621
649,626
28,322
513,821
877,632
803,31
63,672
761,813
906,894
98,403
150,443
954,501
311,824
901,10
911,669
185,164
47,910
927,340
344,186
73,980
580,326
883,520
355,142
968,755
83,480
121,232
165,225
73,642
445,498
660,186
524,408
919,878
266,499
336,847
763,347
954,52
161,478
811,624
641,770
67,306
164,773
272,767
305,968
778,182
528,300
565,171
523,311
417,939
270,360
722,756
187,478
494,695
255,952
312,888
217,592
704,301
298,474
169,987
740,378
471,964
182,321
338,849
316,690
882,699
351,4
746,522
878,554
17,110
309,88
708,388
48,977
849,256
294,268
605,831
785,122
550,374
802,93
821,459
45,205
524,930
609,871
534,468
236,636
768,298
969,806
726,92
616,946
856,984
249,940
770,828
338,429
179,547
470,271
354,733
365,867
619,553
270,562
571,962
251,424
512,486
399,710
723,984
901,121
981,394
507,431
510,926
505,407
490,601
907,54
819,450
957,903
919,326
713,981
277,10
997,821
212,868
180,492
183,71
718,481
719,592
963,11
667,113
102,977
811,807
110,248
87,326
299,810
639,907
49,521
297,128
59,117
598,354
282,366
158,762
381,984
671,914
288,423
980,241
635,748
136,11
923,560
973,663
316,767
731,947
269,628
262,116
440,908
551,890
259,708
788,375
832,347
79,532
430,25
742,170
543,653
641,59
595,282
743,147
154,442
390,463
440,154
230,549
373,347
809,829
132,511
750,350
360,995
213,897
88,719
759,72
154,551
869,388
141,971
759,902
205,57
804,539
18,757
430,296
30,894
111,103
469,256
340,102
692,521
463,208
491,464
444,784
615,75
597,760
539,967
110,182
532,151
803,725
328,315
818,928
666,482
51,108
695,964
942,643
893,479
464,20
444,304
3,710
505,511
944,785
637,496
786,211
562,632
212,373
820,207
445,864
567,820
502,221
70,713
4,540
647,178
628,709
962,171
866,446
299,662
347,629
195,280
73,69
872,846
951,833
981,475
148,300
846,758
75,803
886,535
992,995
834,654
698,975
526,321
491,789
490,493
79,609
144,543
386,925
850,151
796,320
45,298
570,745
645,943
273,389
159,198
865,43
78,168
216,389
262,339
662,368
173,999
352,757
174,810
292,897
204,518
382,134
826,525
796,635
4,422
54,809
91,160
571,265
721,919
202,834
650,763
288,532
397,655
104,807
839,849
607,755
623,172
839,451
528,829
27,215
985,836
749,891
0,449
105,536
789,892
349,780
843,459
567,597
372,673
465,141
340,378
389,937
544,597
705,772
942,343
432,782
350,407
849,219
440,55
11,711
613,292
958,621
944,5
778,178
355,221
467,147
796,506
365,345
354,329
83,964
874,137
507,285
471,665
744,522
838,146
798,149
16,270
215,719
222,317
785,423
977,323
701,792
881,310
509,638
437,428
174,755
440,287
717,267
23,892
634,382
245,923
499,767
514,571
197,265
559,677
520,94
168,842
641,964
540,610
819,985
919,45
103,972
747,749
992,325
283,100
79,243
942,564
587,413
737,845
758,101
433,583
427,728
374,951
709,170
286,850
705,787
89,358
361,225
943,555
729,409
630,990
725,284
969,424
693,383
207,804
586,270
794,762
199,789
593,661
878,336
374,311
418,531
372,940
697,392
695,1
799,720
649,391
863,159
684,968
820,306
484,157
774,482
631,953
821,395
709,119
447,137
83,144
443,884
627,245
481,578
469,834
930,797
316,740
343,680
284,398
885,255
603,275
814,51
96,250
884,780
967,752
727,434
228,777
795,975
889,197
382,257
99,143
28,859
333,294
118,469
441,27
77,348
502,103
463,577
361,697
237,195
69,622
2,289
967,910
744,526
949,443
577,360
988,117
643,45
888,145
323,992
768,428
739,963
238,756
826,478
429,539
233,333
895,177
876,789
789,255
758,124
700,83
736,492
595,375
904,532
440,444
907,979
479,21
538,748
815,207
655,610
411,151
815,956
875,781
439,210
999,476
512,880
244,923
290,746
792,676
711,227
557,733
956,593
307,424
812,158
997,814
297,722
996,795
685,263
878,125
945,930
21,948
235,780
673,864
761,250
346,265
889,686
333,269
531,660
944,918
241,659
951,433
873,87
938,104
630,786
6,320
887,442
603,834
783,345
96,750
10,245
937,181
752,885
718,575
895,164
926,288
917,831
146,278
45,286
662,478
831,888
619,592
900,54
236,708
915,826
707,586
834,7
50,483
921,663
212,445
22,136
322,970
644,173
743,457
496,490
539,62
576,324
730,481
80,820
572,112
436,37
30,965
305,556
318,814
759,675
674,492
918,6
91,447
625,504
951,609
21,994
251,425
598,920
392,490
837,932
466,711
717,843
319,420
834,681
381,214
990,607
965,856
886,66
453,323
37,803
853,200
414,204
110,21
350,755
283,395
455,786
17,408
468,54
389,365
412,840
458,187
680,413
74,616
997,898
555,502
513,310
315,475
248,962
569,100
240,539
848,120
88,277
241,435
211,251
686,277
521,781
824,854
724,507
589,629
14,855
444,919
755,465
958,5
679,647
984,103
602,139
270,499
285,298
411,747
428,721
982,572
697,593
572,854
767,708
680,900
40,309
966,254
737,603
556,945
333,471
748,487
701,424
531,665
964,398
838,698
828,715
347,890
259,990
290,423
352,794
760,663
792,702
449,493
884,11
421,269
886,701
639,829
383,511
211,182
683,553
173,6
981,538
534,281
233,32
193,63
151,124
168,530
67,400
716,978
670,117
845,892
469,29
860,749
216,918
163,352
925,540
269,538
271,160
273,244
465,163
952,33
270,32
166,456
117,40
681,686
52,56
283,28
781,972
831,113
317,22
873,566
761,197
911,490
725,831
336,818
877,961
756,494
337,32
635,175
352,581
179,395
647,106
145,299
133,268
382,516
551,638
970,856
419,381
992,402
40,294
411,690
100,644
904,123
498,252
983,795
972,20
398,60
520,575
819,567
433,0
76,762
15,526
848,296
699,664
79,737
362,456
143,275
977,240
535,417
639,197
103,479
103,620
779,436
255,842
198,104
881,696
539,786
339,808
11,194
458,974
136,561
345,143
486,430
891,894
682,175
937,453
813,633
534,26
572,844
963,691
215,948
332,286
604,716
145,320
606,399
198,897
745,750
828,226
427,9
848,230
51,306
128,377
670,439
717,156
203,282
327,851
498,165
64,87
329,195
480,760
97,463
670,603
689,647
972,259
42,511
125,725
410,653
855,609
172,473
152,782
2,886
307,806
349,348
199,849
451,81
362,328
834,995
602,864
323,693
371,253
504,994
381,280
65,475
856,373
792,240
84,121
780,867
543,865
473,602
559,105
157,199
799,8
912,535
711,215
887,823
723,212
919,460
75,277
67,947
617,169
147,531
577,185
650,635
269,477
581,189
436,310
199,826
781,411
943,968
263,614
362,542
321,340
657,160
807,560
157,57
971,415
39,345
857,524
971,52
174,673
578,561
936,476
631,168
475,959
219,32
918,854
739,411
267,540
623,578
866,984
65,146
946,730
252,555
514,701
828,809
784,634
73,148
996,516
957,800
799,861
21,843
957,56
255,546
388,970
823,938
797,3
53,391
149,603
489,833
590,592
279,924
411,327
362,388
788,650
285,515
268,679
984,607
984,159
587,984
860,954
944,702
840,44
990,117
402,695
478,302
47,429
260,60
174,335
28,689
141,925
735,555
652,350
99,124
774,655
739,103
978,621
288,33
108,327
159,314
622,908
255,771
669,130
995,492
128,432
942,770
750,114
788,402
339,334
490,748
452,494
215,327
291,273
18,405
678,135
818,639
368,560
816,695
508,971
554,78
967,575
924,47
405,836
789,858
556,207
858,2
602,940
362,914
494,612
140,310
855,719
371,17
363,885
474,475
711,678
788,304
807,713
355,84
656,348
500,831
467,0
492,963
985,424
130,430
900,391
577,43
950,685
375,122
636,842
872,309
250,340
157,506
661,532
646,22
935,634
168,227
485,915
734,937
560,223
574,507
665,970
794,289
9,645
829,121
842,309
854,346
618,841
248,875
999,479
369,512
347,825
781,10
224,66
756,881
139,63
875,207
662,752
521,118
58,417
648,91
362,122
58,184
773,973
681,616
609,544
28,661
912,115
563,161
737,517
663,924
925,119
747,200
585,284
988,949
978,417
865,525
864,332
638,151
339,103
894,469
488,88
720,105
892,757
138,665
561,788
346,637
139,312
922,738
793,200
174,578
465,274
381,491
964,411
886,75
504,112
823,814
70,83
854,672
20,863
702,750
103,891
196,385
393,633
944,195
782,408
227,132
35,751
176,655
106,647
801,24
933,444
815,31
196,435
621,261
839,23
244,682
79,965
193,299
574,801
601,72
124,220
381,971
240,734
950,571
387,69
488,42
627,449
976,123
559,412
410,347
936,440
648,166
256,207
998,864
108,427
108,634
548,859
703,861
847,468
350,72
450,557
251,39
596,717
649,432
759,62
370,904
45,282
920,336
772,897
198,98
289,47
644,685
348,797
644,723
828,494
891,816
326,946
657,863
231,666
812,606
912,763
938,156
494,123
35,163
794,416
742,486
607,9
49,484
998,432
32,954
317,600
949,941
617,997
639,412
67,153
83,207
865,21
814,356
350,467
916,322
226,154
255,735
515,781
69,736
818,279
821,699
204,971
195,103
777,950
731,999
864,93
480,187
845,448
869,822
260,234
340,154
171,443
88,262
625,856
231,166
640,668
430,111
432,367
440,147
935,64
446,49
0,777
850,542
86,609
363,431
292,273
835,982
321,854
706,901
249,437
552,275
399,227
974,490
746,506
699,764
329,821
543,625
249,161
419,216
501,716
284,226
698,134
148,15
159,198
663,512
335,515
626,592
279,691
702,410
786,413
399,940
178,871
764,797
795,613
536,997
869,187
776,224
986,795
801,846
939,713
931,447
399,311
75,146
336,216
485,998
942,507
522,250
438,915
609,641
748,595
768,881
344,612
896,419
43,553
508,318
745,432
301,199
17,25
9,973
531,472
801,418
122,538
432,35
701,516
350,222
447,721
930,800
222,391
360,747
802,757
693,745
613,250
780,524
135,68
701,612
356,529
864,235
283,238
465,699
613,205
148,123
231,11
566,63
171,616
840,495
241,26
669,2
455,803
677,83
509,189
164,648
974,563
60,556
940,794
15,689
799,675
371,435
173,218
60,514
903,376
772,290
178,567
552,698
10,622
107,485
167,760
4,120
347,590
999,575
792,443
70,30
757,577
511,167
300,573
425,153
660,997
551,169
856,777
491,666
566,161
615,506
263,105
237,486
407,390
38,44
338,259
813,584
638,640
282,448
476,611
346,704
275,509
114,813
968,361
874,792
298,474
153,339
552,23
970,746
588,554
21,774
905,1
206,660
181,188
34,301
306,412
559,449
762,169
260,251
31,836
372,289
361,122
123,716
183,934
356,86
426,590
266,309
633,348
218,136
963,649
44,493
124,889
946,767
514,747
766,745
180,460
527,84
992,122
458,491
562,365
818,998
220,278
176,76
538,509
872,930
989,354
683,947
74,80
102,439
624,144
855,629
553,855
421,197
279,524
534,841
153,263
980,288
526,818
995,131
63,225
749,991
540,767
350,37
782,162
250,479
105,244
995,612
838,979
996,762
716,116
686,923
475,766
394,486
437,614
91,70
751,498
979,708
697,539
383,130
890,124
570,61
506,725
982,494
695,751
902,65
692,35
125,108
922,180
825,636
227,773
231,724
577,33
76,138
364,911
491,409
683,866
871,807
607,203
572,663
675,443
176,546
264,84
282,96
941,123
558,276
571,296
996,893
106,19
323,372
754,375
370,665
720,801
102,35
486,158
456,669
747,126
805,779
711,709
384,460
519,205
120,246
701,961
940,187
700,759
163,980
354,588
629,502
377,764
975,254
27,319
217,271
890,896
256,224
291,366
510,490
223,891
304,543
155,986
966,356
125,585
607,249
564,671
795,109
587,315
544,555
204,367
894,710
122,221
482,520
932,672
979,186
280,662
471,571
755,591
810,288
114,496
513,876
769,480
415,315
816,553
92,654
372,2
543,360
618,462
46,124
244,715
262,398
491,876
576,116
516,183
410,952
480,403
212,736
633,937
764,720
529,172
596,952
68,64
136,898
877,334
714,210
605,886
108,656
317,958
529,987
596,676
716,212
943,371
554,793
331,778
803,617
5,896
324,741
296,657
659,959
269,705
165,510
870,173
810,380
112,394
956,941
676,227
601,385
972,338
43,416
367,508
306,378
268,669
748,30
738,304
802,325
575,206
97,950
982,612
995,143
207,971
956,381
546,424
489,857
138,592
7,646
91,203
456,638
588,685
940,583
529,830
537,221
127,804
249,812
305,977
352,263
935,173
546,362
733,480
307,964
22,703
315,574
563,240
435,435
256,171
233,942
859,308
968,102
711,15
781,510
835,165
690,585
326,996
481,601
479,98
61,901
29,688
279,362
967,763
876,139
854,553
135,378
33,205
180,199
26,497
44,791
767,201
373,837
438,539
653,102
745,865
97,836
962,285
131,88
391,576
592,396
33,408
710,562
239,250
677,852
702,506
891,121
54,433
642,499
881,907
717,502
650,927
253,710
166,987
861,153
818,125
676,122
598,980
524,564
714,876
122,747
603,773
208,733
626,765
78,961
35,979
185,839
41,498
526,861
29,212
625,824
943,748
840,991
149,674
929,307
650,225
707,493
751,720
763,672
589,918
835,18
113,12
638,389
798,583
5,902
736,739
767,460
86,236
934,872
152,801
852,739
754,212
439,105
769,887
310,340
270,612
387,627
230,628
522,891
765,273
986,36
673,379
107,609
258,764
706,544
642,822
88,92
550,283
458,302
384,161
995,149
703,83
491,894
156,226
140,28
669,754
767,883
836,861
27,318
725,112
830,98
455,258
944,907
860,352
579,578
934,538
943,544
477,470
611,344
701,347
783,408
149,439
557,31
862,12
638,241
508,63
181,968
566,179
416,6
223,604
441,2
601,198
79,594
196,451
203,192
479,62
263,583
118,909
815,742
155,680
609,695
194,60
857,286
898,464
110,944
158,291
564,683
742,464
413,761
120,866
366,738
883,794
602,35
199,360
926,918
376,666
860,545
980,609
258,333
246,596
315,959
942,69
84,626
73,233
394,43
617,714
649,145
367,169
847,31
538,816
831,112
447,928
898,203
825,161
262,238
353,450
220,776
864,600
121,79
613,447
476,695
19,281
386,483
546,370
227,711
728,668
832,903
429,871
497,700
71,268
850,345
509,717
181,296
91,170
547,503
361,149
353,408
754,711
565,808
688,930
845,218
734,444
504,636
243,882
321,532
412,230
188,312
722,620
995,366
221,194
805,371
331,702
442,519
415,244
983,87
585,600
288,510
552,323
83,914
273,40
414,731
48,351
709,345
295,381
353,301
487,256
488,824
109,25
414,651
856,768
475,376
468,381
191,12
591,710
103,490
176,833
568,941
841,908
782,25
957,622
250,821
179,926
375,969
570,854
432,199
578,641
74,445
820,296
592,842
579,496
913,301
92,966
814,26
799,742
124,139
529,369
597,860
626,457
988,715
842,330
6,38
876,210
2,833
751,448
877,107
183,296
337,580
893,129
529,316
372,957
831,708
652,400
437,701
245,857
669,923
358,816
575,958
344,465
496,201
339,217
128,158
356,323
610,318
336,491
746,190
427,314
593,1
848,80
519,64
542,370
924,503
331,273
633,325
385,188
654,961
90,387
109,721
213,537
169,326
765,648
316,354
795,366
560,511
611,970
319,524
675,280
631,49
402,608
135,452
572,330
831,50
937,922
841,377
390,758
864,665
448,695
977,513
14,16
616,493
979,901
466,120
947,197
890,549
446,160
121,15
449,4
517,777
903,28
679,491
684,195
412,286
51,530
11,750
667,618
22,746
694,711
671,825
658,645
738,457
198,264
667,381
785,371
857,98
866,616
453,987
637,132
331,347
566,97
55,391
430,546
760,826
647,305
93,488
178,214
924,61
782,856
315,240
405,218
886,900
267,932
740,139
874,738
55,386
913,340
552,466
226,9
996,519
664,678
236,936
760,768
308,996
962,498
127,872
268,375
48,298
569,770
494,495
825,56
372,18
173,218
996,266
325,794
714,735
639,792
976,404
579,378
604,466
311,312
546,718
773,643
624,983
379,658
289,422
903,40
911,827
11,589
92,851
185,651
619,134
969,602
528,103
336,427
320,479
845,122
58,787
336,705
178,591
635,290
54,14
518,26
337,959
383,430
881,400
999,954
831,747
218,331
303,100
120,776
417,121
543,119
178,184
121,354
509,630
744,693
63,302
648,703
453,411
199,233
26,767
823,589
944,42
101,823
520,609
938,49
722,437
921,454
415,947
261,922
966,202
673,708
634,682
201,912
209,522
376,46
491,304
134,422
836,265
775,358
373,956
266,34
299,509
754,486
245,146
589,938
470,431
742,186
161,598
825,959
732,802
886,610
282,995
973,726
545,483
341,288
846,209
586,255
197,529
671,90
122,404
810,214
849,573
765,148
972,486
878,955
355,741
663,486
449,941
318,513
732,149
527,737
524,339
925,396
320,364
929,527
352,244
516,708
317,562
72,720
807,34
13,764
13,383
889,713
596,811
281,968
462,25
908,508
728,533
204,162
469,65
451,556
554,481
938,794
954,530
711,338
260,911
586,865
509,668
782,813
875,151
439,51
185,871
505,704
805,124
413,322
113,594
369,270
143,82
799,960
944,685
30,202
411,188
743,742
836,425
900,136
882,89
160,416
125,117
8,114
674,199
564,566
700,309
45,982
88,25
356,755
582,135
286,805
913,345
825,630
753,228
747,295
177,290
323,158
354,784
456,388
314,149
202,524
807,175
208,174
104,584
705,563
613,612
966,142
231,606
766,821
145,799
833,577
734,113
172,409
545,609
640,646
574,97
722,144
617,987
276,261
266,738
283,664
668,387
158,346
212,429
12,276
160,528
236,239
96,564
401,338
541,644
469,561
346,813
978,79
422,887
33,462
621,180
657,749
325,431
570,209
148,578
648,342
11,985
563,915
46,215
834,343
419,829
500,680
912,651
772,916
268,155
229,828
394,157
737,999
17,89
806,207
854,443
838,146
778,188
124,507
258,920
750,379
27,380
247,305
247,752
30,890
364,916
518,871
791,580
433,771
518,579
5,851
54,660
116,327
861,533
210,656
853,483
892,771
460,114
183,195
809,261
479,468
927,840
768,292
414,780
909,701
382,405
727,685
628,733
12,690
257,506
427,567
603,156
835,820
347,969
323,437
339,483
410,510
951,591
886,239
277,749
652,96
217,839
350,42
629,918
656,65
968,230
941,934
373,757
90,158
818,668
957,12
89,126
847,124
310,275
985,891
609,595
882,760
419,418
288,572
929,407
503,602
873,611
873,161
833,968
744,965
408,121
430,561
583,474
790,478
496,193
457,923
139,703
195,212
756,886
859,411
436,465
728,461
740,644
914,885
516,700
827,289
960,200
934,892
900,802
76,459
743,37
862,400
835,431
962,828
53,966
118,361
775,874
612,960
497,221
816,736
995,759
637,253
528,811
855,31
631,921
981,320
402,676
640,754
110,591
832,536
495,366
951,703
600,347
311,399
280,50
891,523
743,368
901,728
897,204
849,210
713,125
247,177
645,746
695,59
745,165
239,923
595,52
630,447
255,241
762,340
270,589
238,413
675,827
726,568
734,272
360,344
323,43
644,549
388,881
808,113
335,278
184,94
521,664
386,879
332,496
885,387
232,131
289,319
605,194
288,665
127,406
678,233
419,21
33,974
753,502
975,422
659,793
246,267
441,271
46,225
737,456
901,922
18,238
973,782
949,503
194,874
746,659
318,553
275,22
585,331
991,404
83,822
452,908
291,883
676,667
838,471
335,366
1,777
477,488
511,362
960,514
964,670
190,776
53,245
822,385
638,82
330,638
676,304
165,21
129,791
472,38
507,873
966,22
91,705
988,918
79,174
166,608
278,902
65,238
91,68
730,579
965,312
819,931
900,964
308,354
997,99
324,267
277,590
354,860
284,785
668,61
352,464
671,801
335,362
378,751
880,537
943,320
370,522
825,932
601,728
920,39
222,946
347,720
574,486
836,41
110,114
434,452
259,348
460,319
996,59
914,264
213,720
760,823
693,57
486,940
871,781
526,199
593,741
7,937
56,463
360,880
204,263
893,725
440,825
679,900
747,96
261,828
435,61
690,649
674,847
250,128
248,606
167,140
937,0
220,478
235,550
945,519
977,510
401,650
163,236
545,577
574,29
272,465
927,237
595,66
712,816
299,973
901,653
791,280
896,501
947,734
334,288
808,886
829,375
679,398
239,591
618,235
945,555
310,317
445,376
695,258
323,214
743,652
406,982
974,851
113,101
725,592
443,678
607,427
749,810
616,650
620,786
332,821
851,821
614,637
664,586
571,557
718,55
257,809
600,307
662,784
136,344
287,526
67,97
427,73
681,352
971,243
341,605
721,774
642,58
949,279
922,244
548,790
393,507
795,522
760,933
906,306
144,79
977,532
478,564
207,156
355,310
302,844
167,467
766,244
744,995
623,126
354,363
996,589
452,875
488,349
658,721
881,790
893,312
920,419
656,340
141,455
329,436
254,767
557,498
806,304
478,157
489,347
585,268
221,380
732,451
666,297
274,800
64,302
116,391
271,433
746,29
148,142
666,627
461,325
155,985
12,701
900,885
679,438
787,528
297,760
331,727
737,187
563,809
688,531
160,254
873,810
9,100
890,831
283,715
482,780
507,492
524,304
546,918
610,884
181,432
416,139
289,560
416,498
638,255
194,390
682,851
861,962
181,418
218,188
548,626
92,618
610,444
847,909
133,494
476,882
502,825
231,142
101,102
827,210
272,249
330,452
921,184
844,44
102,726
177,195
516,181
866,495
60,6
971,309
778,124
130,525
105,958
599,858
422,943
532,862
734,587
292,740
771,769
806,482
427,14
747,229
672,52
695,894
183,808
720,36
718,352
432,381
23,139
553,852
653,754
15,927
23,283
465,402
85,810
351,923
531,704
475,553
587,89
576,394
354,884
453,860
52,490
300,247
611,672
112,497
263,306
826,455
581,194
140,237
563,144
468,436
193,38
306,188
349,777
107,282
990,233
573,676
667,0
361,139
387,863
13,345
851,393
365,335
253,272
73,57
838,172
258,351
587,139
234,961
121,632
854,609
447,668
539,348
681,55
201,746
214,432
856,85
26,191
417,770
907,421
65,427
357,484
788,803
451,942
361,994
254,752
59,574
788,219
535,127
179,820
189,661
603,430
132,214
27,226
289,503
530,151
215,629
738,543
308,200
300,167
331,35
917,14
641,200
977,669
210,707
721,468
386,734
112,651
930,71
432,222
831,483
660,991
975,183
407,467
556,198
936,520
53,383
132,636
996,66
860,55
261,889
240,203
854,546
182,801
471,611
688,150
339,887
991,815
547,232
842,314
151,405
266,350
852,803
645,12
213,522
10,803
644,760
609,359
928,765
507,311
773,151
568,754
377,467
161,760
892,934
962,567
789,414
331,592
189,740
505,594
950,704
440,232
337,311
480,343
350,629
892,307
362,466
547,544
98,621
610,439
914,308
541,89
248,559
577,242
509,485
607,580
701,554
554,285
534,152
217,55
297,712
583,184
262,202
663,579
133,20
878,903
818,131
508,801
166,778
330,614
990,324
646,241
443,782
28,798
756,696
753,166
158,263
974,891
539,377
985,974
419,258
367,891
74,64
961,720
338,208
796,511
209,218
348,394
459,451
448,145
786,578
701,381
718,646
765,903
271,429
588,429
246,154
856,259
639,711
37,421
785,788
677,538
854,111
100,587
518,185
572,521
169,643
66,278
17,33
951,227
822,327
342,603
309,447
204,64
245,116
733,939
807,254
40,332
446,209
896,264
284,535
305,659
265,480
185,437
64,511
327,761
125,523
864,829
63,821
665,845
843,831
145,763
745,182
118,184
538,251
223,825
782,568
589,371
432,386
672,566
278,969
663,726
494,897
980,900
646,338
975,599
266,560
117,224
684,132
371,643
205,631
606,122
28,312
348,630
315,188
837,378
524,333
887,252
667,791
248,256
810,821
961,765
284,765
316,39
919,90
270,654
824,499
812,104
734,28
781,726
99,265
438,707
126,94
325,496
975,378
227,363
868,673
982,925
68,114
214,624
121,438
896,215
754,723
174,488
254,551
219,373
723,424
91,952
4,282
507,94
248,790
39,573
213,95
312,678
995,904
88,23
946,72
978,804
645,26
717,590
355,178
252,137
17,328
61,438
869,109
196,862
703,533
565,674
227,422
514,92
154,440
326,444
342,98
412,924
940,946
163,722
760,348
769,859
179,969
45,175
860,966
37,134
275,868
711,98
495,679
134,392
953,409
758,156
302,530
377,8
476,507
967,397
196,577
97,561
651,885
347,624
170,795
324,387
882,106
413,193
397,155
550,54
314,818
781,323
438,627
546,701
441,258
243,160
367,68
860,330
377,435
359,556
637,698
303,136
798,377
409,265
735,690
666,776
304,510
455,62
18,981
839,817
389,41
920,176
949,243
833,216
703,67
419,555
998,711
650,767
47,763
823,839
970,34
133,443
313,167
829,7
304,30
381,773
47,345
573,232
555,179
225,578
75,65
97,190
540,820
326,818
998,397
679,813
635,170
694,7
546,787
402,600
403,649
926,788
464,517
255,563
310,338
866,546
480,7
848,491
455,919
716,62
839,140
717,220
345,440
494,937
132,42
745,57
606,42
587,598
959,70
428,7
442,898
322,443
111,969
478,192
800,738
312,687
916,791
472,474
85,290
668,504
399,856
676,208
115,430
194,831
142,600
755,51
377,248
583,342
293,417
349,303
897,24
369,785
914,205
978,686
564,948
175,920
309,15
401,417
273,547
265,350
577,403
744,575
963,384
800,405
592,458
565,945
576,689
507,176
371,974
523,219
219,814
74,486
620,112
747,228
624,721
886,761
793,904
427,914
482,313
631,581
143,948
433,298
141,777
340,459
9,241
610,605
977,540
414,437
304,977
204,549
229,323
990,432
226,635
422,998
505,662
526,39
357,366
737,619
867,366
872,547
91,150
175,186
328,765
700,399
840,233
362,453
900,975
17,768
90,651
350,753
52,230
56,946
287,514
372,675
784,426
795,245
67,315
191,505
654,442
900,482
815,955
652,933
690,273
973,979
121,748
88,418
710,797
573,485
719,791
229,782
719,351
534,762
317,21
228,424
441,774
176,706
961,767
162,36
635,155
968,132
23,248
217,951
467,577
367,467
757,40
647,440
346,551
463,988
547,277
114,44
550,82
348,875
229,980
508,440
161,115
800,560
576,578
328,766
176,456
589,173
690,102
454,820
774,844
720,317
979,66
913,659
557,377
989,510
457,850
923,280
82,16
867,720
272,420
302,225
364,302
762,449
700,288
858,286
148,831
780,639
626,279
709,809
356,555
457,90
42,946
338,40
937,456
857,715
742,30
739,619
764,570
562,313
712,268
984,421
83,524
198,256
683,616
62,967
115,779
588,398
638,275
335,6
217,347
866,203
997,56
92,689
507,78
967,221
89,13
984,978
14,893
553,956
871,799
534,604
158,905
398,710
152,85
126,152
256,865
836,493
619,753
521,622
507,269
693,383
398,692
809,731
171,295
377,490
294,431
987,358
609,51
462,770
100,463
405,619
446,741
843,888
94,497
660,978
90,981
465,165
414,371
898,74
245,765
616,960
70,155
204,148
559,80
639,39
138,610
339,695
248,40
74,269
306,397
273,492
60,293
630,398
198,203
164,400
656,73
402,929
25,468
347,677
100,568
226,470
380,794
254,648
82,27
368,112
591,439
157,570
171,664
683,739
27,223
777,887
429,751
449,512
685,939
484,322
946,873
439,229
117,702
60,539
858,663
510,95
843,781
179,88
692,856
116,412
74,564
235,289
930,264
245,144
776,863
263,606
1,371
914,119
671,366
684,424
177,618
167,301
537,817
737,6
84,825
573,868
210,652
634,599
131,191
22,824
213,31
710,430
396,850
802,730
519,357
336,691
304,183
780,136
372,25
896,238
580,867
461,147
567,288
433,239
289,815
666,78
98,922
279,945
113,632
73,364
954,558
705,519
147,909
135,11
219,39
31,876
192,854
102,215
379,47
358,185
20,114
212,941
330,807
391,681
198,578
964,235
644,565
532,993
812,456
692,490
867,945
547,417
256,575
785,75
101,481
384,180
120,353
877,702
418,545
658,408
54,207
423,772
455,266
453,627
15,383
976,807
518,123
753,374
942,166
436,117
518,663
881,991
252,17
671,246
737,773
873,285
757,262
327,611
135,412
836,56
109,601
383,988
666,414
79,124
338,346
907,564
585,400
732,493
137,730
413,952
22,446
773,793
624,77
809,445
981,659
39,663
350,16
316,405
551,40
858,181
620,49
607,100
553,327
433,298
950,164
20,360
524,164
158,179
636,691
774,101
917,132
102,234
345,351
381,35
994,884
372,570
912,250
230,743
269,994
244,766
393,94
174,14
669,562
48,431
726,647
844,840
550,982
386,696
102,381
973,209
250,764
594,950
263,852
500,180
867,818
2,325
474,732
212,738
821,68
125,454
849,692
573,290
988,59
626,941
826,332
126,619
54,283
847,155
800,706
27,482
26,655
53,960
928,906
23,610
139,402
760,8
788,846
610,512
262,209
457,677
730,714
194,742
989,236
564,585
704,185
87,917
906,700
477,582
287,674
228,44
89,594
456,594
406,11
629,222
255,299
268,825
122,690
258,961
471,922
944,216
116,934
187,326
411,518
333,644
371,370
950,562
119,265
171,974
302,629
923,893
867,913
562,773
988,385
339,423
868,871
670,386
983,181
795,696
10,796
261,7
422,860
541,28
315,34
695,751
169,9
23,920
589,679
345,602
777,487
22,896
800,559
427,70
757,645
631,239
707,614
267,106
87,230
47,704
942,340
907,53
186,567
496,961
965,613
668,508
547,158
822,541
407,690
92,235
108,312
747,422
906,419
620,666
151,644
874,333
360,121
176,778
764,736
134,854
3,188
257,851
249,142
928,307
676,375
549,744
225,966
265,346
835,340
600,652
491,759
4,406
932,491
385,554
641,654
341,884
514,784
107,391
36,241
607,76
198,494
992,936
204,353
444,815
163,644
111,995
721,498
631,197
558,418
838,106
180,639
269,453
490,957
644,198
603,810
240,216
476,312
548,23
393,515
866,924
20,306
208,954
871,534
415,485
651,885
490,16
490,189
317,592
757,446
514,577
915,431
207,877
924,774
3,386
403,838
589,710
745,934
189,195
525,492
384,307
912,763
480,518
673,586
570,600
588,348
270,398
653,119
744,300
490,252
751,618
34,50
397,274
504,916
728,517
683,225
364,856
425,246
144,636
189,261
498,519
20,815
240,317
55,314
416,507
352,783
906,267
93,483
125,199
498,579
924,358
515,232
454,577
309,289
950,783
709,334
196,427
374,644
727,52
32,936
162,848
311,342
793,624
720,638
224,111
16,471
149,868
522,691
459,600
937,754
968,360
340,586
128,352
817,617
237,523
771,909
560,189
339,486
672,220
125,808
655,845
103,575
99,477
662,11
933,704
592,286
202,540
442,559
749,150
805,534
240,35
972,992
380,424
404,703
328,634
594,213
221,986
170,328
604,916
601,407
996,92
408,219
671,370
575,377
443,92
887,894
78,44
314,915
383,437
803,869
5,129
69,56
374,295
883,524
501,84
345,274
906,198
866,701
195,131
95,488
768,101
757,485
693,732
600,654
692,714
501,150
674,924
514,684
662,501
522,333
162,338
236,314
947,595
734,829
945,662
944,197
438,184
193,318
372,58
507,59
569,344
322,894
889,806
71,26
477,256
553,333
662,33
976,750
503,776
675,518
370,206
720,313
979,855
882,913
823,304
292,906
284,612
289,636
169,780
640,79
880,547
982,114
941,880
322,68
665,949
274,102
932,171
153,622
121,437
758,660
812,243
783,998
663,761
685,686
363,798
470,832
433,884
513,898
73,588
511,836
868,645
44,222
583,477
895,324
381,485
785,675
889,639
982,78
248,420
769,734
86,19
780,227
608,790
5,361
749,688
513,899
611,140
473,389
536,831
529,419
565,727
889,887
405,198
216,455
719,76
710,446
629,872
11,521
863,50
403,147
240,709
968,654
830,516
979,181
592,598
236,436
711,214
237,338
445,119
721,732
606,856
482,66
603,494
470,588
930,151
335,156
929,212
567,343
180,474
610,763
826,508
964,397
413,602
900,441
333,931
7,87
957,811
708,210
660,514
80,95
423,720
679,52
0,979
313,955
506,384
778,707
854,222
584,808
539,546
571,911
468,773
856,125
319,383
807,671
688,276
99,397
662,743
524,399
704,807
185,134
65,814
814,294
546,394
942,337
400,865
972,334
995,443
805,974
907,611
83,375
869,338
810,96
806,845
113,931
671,898
930,278
816,92
460,888
131,308
443,35
653,806
827,9
805,704
793,318
678,423
544,999
539,952
703,812
531,653
253,496
657,327
703,621
406,985
577,123
757,15
808,251
950,919
992,477
408,715
428,568
580,538
183,790
536,455
552,248
880,748
302,684
504,426
198,894
345,147
616,805
765,412
388,810
432,537
253,676
738,755
977,76
368,526
417,977
641,316
483,728
557,362
511,28
211,571
676,799
147,537
477,843
817,388
443,810
734,451
432,396
716,588
464,960
644,757
183,599
172,723
859,556
915,616
775,0
310,244
340,368
338,893
157,807
61,47
358,355
337,475
467,965
450,650
624,885
759,928
513,608
106,788
871,506
580,600
785,347
955,888
692,433
449,471
801,209
593,138
362,405
489,199
917,623
832,68
775,242
828,470
711,858
623,261
985,908
721,968
844,927
811,989
554,812
162,1
174,926
616,505
241,490
293,821
281,313
712,759
709,179
59,652
193,338
830,752
223,40
501,876
894,613
583,495
288,536
76,955
430,887
448,370
73,631
865,431
645,775
818,697
562,279
885,768
91,965
300,334
463,612
807,569
774,660
881,365
25,744
205,948
529,445
730,944
265,865
805,214
922,173
696,454
877,571
176,61
412,238
967,863
471,359
507,369
932,39
765,904
934,318
59,284
199,899
758,358
86,101
386,765
906,471
86,243
204,508
183,873
267,632
211,543
514,115
425,500
64,184
47,313
16,212
237,257
740,297
941,779
360,288
30,57
368,816
943,427
738,137
357,242
939,32
77,405
803,668
70,512
332,968
20,692
505,310
252,958
96,695
745,25
487,737
424,394
469,611
880,516
644,139
58,990
55,223
388,670
124,510
68,42
31,222
943,446
421,424
324,687
221,571
605,229
204,632
450,212
775,987
558,480
885,26
430,632
920,766
544,394
877,511
899,727
473,865
539,368
898,804
991,707
892,263
361,347
992,515
854,372
918,926
173,357
10,932
662,511
751,65
686,25
319,858
407,131
693,128
679,150
278,773
760,854
716,270
435,855
614,895
83,335
151,998
140,421
536,365
24,672
356,709
664,591
656,749
440,209
106,872
947,958
33,284
210,711
102,428
601,588
799,394
689,744
416,470
737,575
789,136
518,16
884,576
147,235
713,323
821,292
75,26
213,232
602,340
569,713
42,266
487,800
194,632
826,752
330,285
863,470
595,48
931,665
735,226
84,898
235,993
599,483
639,965
220,179
614,627
549,717
713,917
1,951
733,590
818,149
685,445
436,327
734,931
912,607
764,922
935,455
600,990
809,645
754,284
372,29
890,528
557,909
889,426
893,698
102,919
976,766
548,373
117,904
898,219
281,607
364,650
37,945
455,461
302,245
233,564
262,544
10,883
651,102
854,881
154,934
846,457
413,394
726,261
945,229
39,703
750,618
959,973
780,606
185,857
213,979
43,320
512,683
686,41
976,121
579,164
322,82
809,696
586,927
372,153
960,992
322,481
831,262
352,745
132,624
33,797
619,501
361,225
285,170
607,513
600,951
284,740
368,314
630,106
717,789
98,564
81,347
771,282
926,50
185,295
631,22
805,626
468,889
119,504
833,968
940,151
639,757
262,861
649,939
84,64
261,430
350,340
234,552
345,453
351,767
425,577
884,328
684,34
94,727
289,955
34,813
928,98
264,533
307,792
938,207
529,101
221,426
380,422
369,279
440,889
255,280
730,993
214,200
690,351
468,340
527,416
362,507
357,69
560,692
177,6
115,198
503,667
984,243
130,656
693,151
698,440
799,451
430,793
603,656
906,567
301,424
201,480
676,840
341,535
279,646
614,723
269,48
269,829
917,698
774,838
345,564
426,194
158,18
438,724
707,630
493,109
637,494
556,259
996,82
986,913
289,206
540,549
250,42
474,199
218,137
206,334
355,533
894,138
834,951
27,741
592,874
602,126
862,925
381,499
283,790
113,773
789,77
503,615
873,67
67,468
772,268
413,748
868,287
428,192
857,703
157,202
644,553
601,202
977,169
702,649
193,331
644,428
583,17
492,149
321,161
954,476
769,710
767,64
611,812
417,369
401,295
63,618
169,547
306,20
993,95
985,337
578,292
245,434
836,656
714,350
660,68
420,419
65,169
49,595
3,374
477,688
363,820
439,207
6,467
70,987
353,232
923,919
219,982
977,944
502,480
660,256
506,92
144,35
373,444
709,83
206,272
849,742
810,716
915,926
91,316
869,346
700,882
220,722
552,654
210,382
462,882
622,932
688,744
761,333
82,570
422,87
204,45
257,703
307,784
765,33
480,591
137,312
200,346
162,959
296,409
115,39
908,270
862,861
290,281
265,22
129,961
258,424
641,100
670,741
455,699
149,844
716,870
685,128
980,646
497,562
557,346
76,86
659,770
631,470
351,859
854,623
104,694
239,388
545,638
622,162
259,972
981,319
209,164
69,44
980,63
131,614
139,502
716,69
113,772
143,832
845,668
101,197
959,601
135,756
385,30
826,332
130,842
448,880
618,257
381,890
536,788
231,596
351,194
919,492
222,365
334,523
192,738
548,696
315,48
520,522
792,134
608,294
57,709
292,991
152,800
876,597
400,297
775,29
21,411
829,325
630,133
759,534
86,870
128,123
391,152
236,303
226,838
904,753
279,7
668,906
598,530
279,556
695,87
648,329
113,424
11,654
649,631
175,324
552,27
813,921
30,531
564,686
469,135
315,876
254,833
843,971
138,469
868,222
183,144
965,922
151,773
728,352
168,36
630,485
32,836
779,213
804,115
546,463
737,383
825,355
574,663
691,632
695,460
548,314
784,215
440,788
183,384
482,990
505,403
472,651
237,232
912,278
35,502
318,338
526,271
400,277
48,972
706,567
598,898
921,919
58,207
108,336
395,753
636,679
462,92
207,190
790,399
533,685
625,151
542,106
861,768
745,117
560,832
933,771
953,336
950,541
395,656
615,559
879,959
715,952
224,485
868,813
487,536
589,618
598,306
344,71
149,151
273,18
188,488
120,906
315,854
335,934
394,686
357,195
688,328
316,501
384,45
138,209
239,719
669,963
896,776
83,147
858,974
407,584
276,837
859,211
591,454
648,371
484,520
870,751
830,407
203,42
731,823
121,351
638,24
693,666
685,245
778,382
886,434
118,920
441,842
692,187
566,995
299,304
565,704
531,592
76,853
17,29
801,584
547,115
287,495
741,657
553,387
315,266
271,677
489,731
44,400
171,891
427,633
293,947
344,158
169,785
283,787
402,927
725,743
222,248
544,815
402,436
824,312
482,661
198,455
444,630
950,101
671,899
707,867
157,117
787,628
891,595
140,747
12,811
85,139
810,186
490,180
79,688
510,268
162,751
318,85
7,750
117,455
314,728
609,52
321,228
298,32
718,732
131,777
493,718
590,881
337,594
140,194
619,365
532,106
528,554
333,455
88,872
788,432
562,187
552,971
560,315
646,675
672,483
378,884
414,595
568,252
111,34
803,852
464,319
815,598
543,126
87,372
44,964
617,497
41,574
488,299
890,33
473,973
665,12
717,133
136,80
156,673
150,778
522,692
682,690
784,503
202,223
853,524
230,858
882,437
136,525
856,720
843,222
660,950
918,993
971,312
944,26
360,813
354,287
865,536
547,538
982,301
883,863
840,595
186,452
515,234
518,967
927,712
707,591
35,789
619,898
451,119
176,684
195,265
656,292
915,863
532,909
430,78
294,721
867,467
170,916
234,380
693,282
722,49
339,47
444,385
831,785
392,225
742,631
841,519
331,54
82,453
825,521
933,617
124,112
358,212
921,473
680,459
468,97
632,369
564,498
342,104
916,736
182,135
940,446
706,500
10,714
13,519
669,979
854,905
979,589
657,626
930,91
525,253
473,567
500,179
408,282
143,911
786,715
223,567
620,253
440,574
411,860
228,156
288,979
437,806
492,208
219,413
500,573
262,400
654,131
184,201
387,468
621,218
995,450
399,367
466,218
546,535
813,46
322,787
93,453
319,810
479,100
93,482
739,967
742,184
545,770
528,755
342,783
128,915
496,248
169,977
684,837
184,158
872,443
639,290
583,205
432,764
152,562
374,352
498,504
597,566
358,15
875,922
975,3
792,172
609,764
782,558
347,137
521,132
936,357
856,252
48,49
476,391
201,455
592,607
527,314
16,159
710,515
731,475
382,449
590,406
125,398
656,712
20,352
334,585
439,576
225,634
562,578
820,567
659,736
326,604
431,336
780,885
522,137
747,148
461,609
202,150
899,263
664,447
848,772
458,310
121,823
497,63
632,240
351,226
493,373
360,89
753,751
782,953
830,75
212,954
260,464
855,118
582,775
980,82
336,453
234,942
604,754
188,240
221,240
738,121
804,995
781,618
943,458
273,681
456,968
967,996
546,609
521,432
620,208
107,970
730,745
71,777
200,189
804,833
206,253
405,702
654,906
190,889
607,186
599,463
662,126
542,117
635,777
419,335
433,551
547,202
608,474
956,251
357,158
592,427
324,286
289,183
816,906
570,503
515,639
575,595
120,154
652,396
576,283
435,124
677,975
450,678
448,17
491,635
132,478
48,200
796,617
810,965
890,260
618,12
341,806
638,61
922,484
762,276
515,63
779,539
515,697
492,812
47,828
473,960
212,340
41,217
213,864
889,296
519,284
921,109
202,379
535,837
661,805
295,293
502,310
790,486
945,349
632,535
490,727
876,652
738,747
278,706
908,595
650,332
854,200
641,713
313,38
756,936
731,843
748,734
750,703
625,266
38,976
175,64
264,719
622,981
6,706
448,585
455,343
944,939
843,522
96,564
372,192
274,360
745,571
180,191
921,295
49,706
426,508
140,485
713,813
843,27
104,277
10,148
784,282
251,362
499,556
497,488
611,615
50,822
286,893
729,454
328,561
735,991
884,313
82,993
837,787
487,858
98,18
592,495
997,537
264,388
826,458
677,157
950,462
752,297
392,955
813,667
425,176
773,391
181,283
708,345
147,367
391,679
904,395
344,936
402,880
907,80
437,516
191,77
437,18
879,82
512,635
794,957
210,190
718,680
98,172
113,771
512,101
457,238
861,825
927,35
647,54
796,577
686,162
563,413
941,13
578,373
429,247
25,777
806,31
127,553
17,332
69,655
726,161
970,531
900,602
128,908
515,722
916,978
173,635
795,875
93,39
991,751
298,122
617,746
894,605
285,781
45,383
882,602
369,156
931,573
724,324
507,843
406,47
973,925
159,440
388,707
405,578
841,362
557,506
167,364
325,663
855,89
847,167
654,395
969,28
604,760
921,818
550,30
539,777
571,488
819,151
751,794
800,930
952,882
830,368
911,278
802,35
812,826
533,314
53,118
892,741
274,450
487,839
221,866
663,279
298,763
749,684
760,823
110,412
531,652
633,857
744,593
216,418
340,870
520,179
589,81
37,470
373,607
12,431
919,107
646,691
632,741
466,77
987,866
790,853
918,725
746,313
399,206
287,852
657,890
145,382
688,789
544,975
311,332
379,383
142,649
962,899
540,21
568,595
250,939
841,238
761,365
930,387
888,942
223,687
424,982
892,109
587,613
691,309
890,821
53,709
82,843
373,184
35,108
103,848
854,540
150,289
479,511
108,286
604,32
267,165
749,617
677,784
193,779
979,591
248,327
390,884
858,399
771,599
659,896
438,985
738,319
425,136
650,103
354,524
129,862
753,703
771,708
191,5
385,464
520,325
106,660
563,222
649,825
798,366
269,180
246,188
244,238
218,415
985,61
908,441
691,821
30,975
677,179
888,153
184,565
502,407
332,649
172,529
213,871
719,862
176,269
464,249
29,397
9,897
8,448
219,104
546,254
347,659
823,43
596,367
773,953
3,356
49,953
718,34
39,896
324,717
365,837
965,820
363,721
478,291
263,741
279,947
38,983
873,346
879,417
626,182
628,165
732,596
724,508
949,927
159,366
891,670
576,39
957,642
960,961
553,279
991,996
111,927
258,52
714,146
31,993
318,865
41,999
475,348
806,677
396,163
260,86
0,546
997,365
630,981
388,693
460,678
516,184
293,386
958,49
305,363
430,382
838,267
999,992
445,921
987,935
536,189
723,595
30,165
52,798
502,582
455,124
936,222
523,282
157,82
40,938
148,86
40,274
625,293
683,52
326,699
524,174
506,303
161,716
727,86
89,304
627,56
457,22
635,278
695,850
685,118
114,624
289,488
667,265
534,637
440,795
941,397
895,595
679,836
447,967
358,532
744,350
845,220
126,73
935,875
358,645
492,163
807,385
32,313
366,254
779,553
252,751
484,254
210,406
357,681
760,267
327,198
798,164
30,818
793,57
490,430
662,447
812,665
252,406
138,592
640,185
574,542
992,230
155,96
623,778
539,356
328,904
745,46
760,792
827,714
0,381
885,73
825,542
655,530
259,730
192,731
337,428
858,116
531,205
680,630
563,511
643,921
840,364
881,457
328,202
958,151
829,772
430,460
47,860
919,959
265,827
561,944
701,991
410,97
581,79
912,91
450,860
670,587
685,87
150,71
382,595
274,900
605,818
199,776
565,227
423,53
353,93
159,854
388,701
713,80
552,516
613,740
712,872
305,853
387,378
409,899
9,719
499,524
353,539
496,708
689,598
125,362
741,232
663,577
763,345
122,286
542,539
102,438
699,589
528,755
460,341
351,863
356,601
91,128
498,316
169,854
477,764
908,982
714,281
459,403
625,130
159,252
657,81
702,224
381,547
404,476
434,604
112,740
291,290
590,584
650,549
631,159
772,522
987,163
91,514
880,824
136,123
457,673
939,803
258,800
963,700
982,627
717,68
90,299
618,261
286,446
170,955
574,687
506,995
503,668
940,896
456,558
25,383
449,884
141,959
414,228
140,336
200,105
23,460
774,169
156,393
796,88
561,655
265,563
363,482
418,130
985,9
146,700
762,925
84,513
781,521
427,766
550,82
856,560
170,982
299,889
842,537
752,605
868,470
396,14
539,632
891,238
164,241
976,659
145,937
957,781
213,93
833,938
250,915
309,314
3,79
246,849
525,816
116,60
865,747
135,378
204,80
104,761
916,435
602,927
299,535
156,984
953,790
850,205
345,429
313,900
167,346
901,563
900,330
258,79
153,902
603,215
748,359
373,486
969,403
925,479
752,32
377,203
155,138
273,819
283,364
638,452
291,492
461,439
776,162
635,951
43,713
702,917
338,953
879,230
146,346
378,160
274,158
258,11
402,511
61,219
261,274
835,471
582,815
265,172
658,158
213,455
649,468
818,500
356,672
61,603
434,453
366,442
245,73
78,29
458,219
737,546
338,107
955,850
906,904
402,577
705,772
111,947
317,556
516,512
747,186
132,469
122,599
472,661
81,819
269,938
676,724
491,419
440,437
314,973
827,724
391,939
201,740
704,847
45,268
561,611
74,118
596,949
95,946
211,552
483,384
615,183
413,250
973,501
321,579
849,851
361,704
286,253
874,330
69,452
348,163
775,629
544,508
156,794
678,745
668,452
535,311
159,274
908,84
367,342
693,587
413,657
581,173
767,589
311,359
70,574
602,532
795,520
599,227
4,890
567,998
389,317
936,842
766,769
650,789
580,372
222,263
953,13
383,648
309,688
227,560
517,393
867,685
343,478
773,134
743,552
351,900
340,45
860,937
423,874
112,964
97,243
575,981
25,236
33,475
319,897
74,669
478,637
575,20
959,514
193,175
196,63
461,293
915,195
435,351
283,693
163,123
933,102
449,868
792,981
423,16
499,866
146,761
395,105
779,88
725,410
717,324
344,442
271,379
383,556
720,291
346,510
77,13
580,562
515,812
674,73
902,779
333,397
52,293
161,542
756,8
462,229
661,599
924,710
65,508
573,56
500,828
7,254
992,334
953,199
246,690
954,670
213,501
9,660
416,432
780,276
351,677
889,918
372,817
496,774
255,328
949,969
950,787
530,32
119,392
199,596
575,438
88,186
89,532
717,736
222,114
409,213
707,732
615,762
439,946
300,327
622,966
506,688
672,596
61,933
260,783
207,606
947,373
245,514
167,339
692,768
774,523
405,847
893,313
625,507
427,584
37,183
250,80
834,256
261,134
286,859
634,962
435,322
939,191
893,190
424,926
18,472
386,557
31,239
602,177
300,588
504,175
961,46
19,522
578,768
645,693
751,94
363,56
140,2
508,802
949,759
55,178
27,867
100,561
180,586
346,751
616,305
564,441
153,417
617,56
707,483
719,586
858,701
890,716
439,191
684,270
361,298
700,476
134,519
978,573
136,747
752,646
218,493
76,771
604,155
508,701
525,951
246,346
359,517
820,290
987,173
573,305
77,946
121,892
114,906
677,741
733,120
823,620
760,555
537,955
822,914
465,938
423,613
308,536
265,248
425,555
576,299
326,610
11,310
625,131
123,310
85,384
80,83
177,657
273,496
185,900
688,384
244,525
793,478
829,963
381,790
327,269
434,702
634,273
672,688
113,335
998,411
245,864
252,225
473,749
229,842
921,592
946,277
384,676
519,689
770,644
780,519
791,41
549,319
129,221
885,14
442,455
49,924
691,101
722,561
336,984
855,250
352,359
343,548
398,701
197,550
656,442
862,559
579,845
944,612
432,34
8,495
595,9
391,567
573,992
942,798
409,377
339,489
395,956
744,465
976,69
932,340
621,532
491,652
2,576
635,974
451,749
976,619
390,607
162,186
661,857
834,199
425,883
204,63
136,738
931,898
779,201
916,406
49,891
578,481
941,353
931,814
549,153
444,57
381,958
624,867
174,20
881,995
300,660
838,59
945,687
205,274
610,598
356,572
552,331
364,322
751,847
835,30
516,264
651,803
119,335
568,716
543,204
180,177
545,739
926,852
303,382
840,435
498,328
114,358
141,684
477,153
841,374
480,329
502,504
316,428
114,417
520,413
222,945
207,899
902,31
21,678
198,234
230,981
964,553
760,537
301,584
644,238
797,686
903,235
191,137
945,110
619,48
788,194
965,325
2,958
905,289
432,932
467,12
290,39
877,163
184,650
942,186
835,792
620,847
845,296
286,332
274,718
710,123
338,830
891,332
840,254
402,289
586,148
591,695
583,648
595,582
245,35
908,315
456,540
826,434
669,753
505,110
409,328
342,265
706,175
150,637
266,541
275,951
775,532
460,982
999,254
331,641
368,758
696,137
673,139
527,360
257,648
645,440
566,813
887,54
521,122
474,681
889,431
415,791
817,265
708,970
472,888
963,717
39,164
352,390
622,782
525,274
103,461
257,205
871,445
656,798
878,73
984,69
581,7
773,433
782,98
850,646
510,21
998,711
216,711
810,777
924,583
128,407
985,99
536,121
663,100
279,585
528,296
303,585
929,782
982,574
858,390
148,840
85,905
685,241
493,485
823,79
517,459
532,628
285,816
745,105
110,558
235,109
52,862
987,130
887,38
80,148
414,411
574,948
182,139
535,149
413,127
79,617
59,948
833,434
320,9
453,326
722,218
272,158
518,586
45,465
605,248
639,259
23,199
730,479
832,292
334,826
967,78
600,103
648,922
703,924
910,524
405,642
375,800
18,590
21,967
230,119
398,599
488,959
410,937
653,491
351,953
44,834
811,626
195,371
163,537
149,835
100,790
56,924
117,600
905,86
626,40
454,873
683,269
787,523
593,438
813,822
565,69
990,616
864,2
740,867
491,409
268,805
517,903
967,578
907,17
783,573
173,866
82,416
822,374
299,86
480,24
517,672
138,631
938,24
415,225
833,176
60,12
506,649
8,569
166,310
590,779
71,674
304,933
932,441
444,633
124,326
878,255
833,737
793,908
231,418
647,179
207,156
873,959
165,842
961,605
593,452
318,384
389,910
366,611
392,992
220,914
79,595
509,723
151,886
897,245
621,827
699,737
683,538
284,593
837,848
972,813
497,128
209,284
236,492
516,595
157,645
67,881
668,115
620,381
932,93
495,86
815,102
190,677
949,823
12,993
511,524
759,905
879,923
645,160
473,648
82,419
635,696
150,83
252,476
313,122
290,659
589,26
573,575
272,956
400,814
200,443
940,443
138,780
865,432
884,699
638,536
279,824
355,66
410,569
86,218
834,457
816,834
687,982
687,974
798,14
656,516
302,564
780,571
982,210
234,170
824,235
950,223
642,117
820,772
163,119
802,467
94,729
37,949
230,79
661,65
41,384
567,889
462,393
417,109
278,1
841,157
349,28
752,97
671,957
622,198
851,600
194,199
137,162
787,881
800,214
185,864
188,276
776,465
78,634
362,967
830,631
125,819
12,908
805,40
380,963
149,541
401,21
161,351
802,447
906,737
67,634
273,875
443,747
961,756
472,445
218,273
85,671
163,264
69,655
237,317
516,918
649,541
765,313
797,398
268,891
12,464
453,884
264,402
652,577
34,308
613,170
422,885
307,408
789,12
115,57
306,692
588,997
179,436
189,178
751,40
441,26
611,800
579,134
153,255
569,157
685,636
785,849
2,36
90,478
284,424
99,583
340,488
337,93
949,12
739,269
718,227
751,292
470,489
473,586
935,185
206,471
945,144
930,728
199,584
554,558
637,198
58,626
424,182
186,165
153,818
365,964
551,293
356,741
820,401
701,550
649,378
792,91
616,887
338,156
344,918
912,520
503,351
899,475
143,232
931,487
940,200
553,336
488,312
298,252
906,476
93,821
769,97
510,670
337,765
206,300
48,226
973,362
487,949
394,606
979,3
516,242
606,782
655,945
511,150
987,380
358,173
679,599
720,444
874,708
213,195
836,934
176,275
561,486
941,102
196,777
946,961
549,898
600,508
341,980
212,590
516,280
952,252
9,29
788,11
712,355
152,864
756,711
941,735
783,112
843,783
114,544
530,856
673,712
704,656
882,326
262,809
310,782
46,878
938,969
452,253
612,866
195,409
900,453
805,177
654,719
437,989
759,90
339,554
528,418
939,304
655,359
844,172
569,323
391,904
996,687
504,476
997,770
891,259
34,367
834,544
922,879
613,407
784,410
810,711
840,10
912,999
516,325
202,715
70,564
633,83
623,722
317,470
423,112
163,884
443,267
242,940
557,198
740,285
59,930
74,642
144,703
648,627
240,846
119,165
647,273
300,927
163,945
213,168
55,661
298,704
59,143
227,541
74,705
744,904
852,697
763,287
90,26
354,273
228,9
161,626
599,217
408,317
97,622
672,491
879,65
28,855
642,998
579,962
6,883
205,556
231,697
288,89
793,761
997,522
801,689
516,806
47,710
602,382
336,812
478,456
102,684
410,586
209,692
284,377
928,405
729,635
928,380
525,419
243,443
695,231
117,520
236,670
691,550
435,693
122,583
603,906
581,650
269,776
495,609
515,953
39,648
29,573
315,334
63,296
672,38
563,418
692,89
230,477
756,832
102,271
718,655
984,48
638,829
922,429
331,905
631,153
15,766
300,778
15,841
948,812
839,531
950,612
366,299
352,603
171,950
938,383
660,118
43,20
34,832
795,658
139,828
881,757
415,326
532,82
826,600
467,573
49,880
116,21
336,835
213,74
533,241
575,963
76,943
950,298
119,993
299,842
532,630
455,932
103,514
405,640
56,850
280,726
89,501
961,149
86,619
302,477
288,202
931,542
616,870
310,335
865,50
492,690
647,363
502,979
971,964
479,178
209,904
954,5
586,65
336,546
944,128
669,353
659,291
41,209
546,470
460,890
951,765
172,665
44,931
461,229
431,731
847,655
181,706
79,377
967,229
32,453
98,640
789,760
670,433
982,132
136,806
109,700
307,765
805,936
521,706
251,67
340,281
964,216
645,95
672,750
706,568
359,236
735,644
35,41
483,206
48,85
929,140
266,214
783,276
112,907
109,633
714,504
387,895
781,51
779,913
971,587
494,200
298,853
621,261
881,485
786,324
104,620
578,586
566,327
263,737
16,870
787,319
122,789
105,564
377,385
58,247
416,683
966,42
870,324
662,26
534,233
848,201
5,645
168,816
171,37
984,214
630,966
378,846
733,688
314,942
548,67
265,986
63,326
952,284
0,523
418,856
336,996
85,709
338,34
519,323
317,73
448,450
312,633
347,701
356,547
826,712
162,536
504,259
20,393
750,105
351,748
255,547
396,414
616,914
928,778
613,236
559,965
281,16
219,823
66,825
620,978
529,186
630,583
297,280
54,297
915,932
892,806
786,720
799,883
910,744
511,294
123,304
527,860
571,322
37,835
568,985
269,14
912,730
676,530
547,855
439,953
177,345
625,294
396,521
688,286
93,202
111,411
546,677
391,462
48,152
337,761
352,604
399,349
448,748
342,172
183,662
479,7
700,81
759,538
730,388
895,201
555,527
75,242
186,798
16,223
89,829
268,894
448,325
226,960
974,961
988,178
616,530
987,519
921,292
840,29
815,971
470,695
164,797
197,180
959,954
177,852
900,9
845,208
181,260
800,179
238,779
494,263
560,22
35,564
655,140
388,361
716,332
81,252
260,508
799,621
453,577
70,218
62,448
471,767
507,954
290,890
617,826
178,973
183,562
403,854
934,885
696,189
267,661
336,996
808,437
775,553
68,489
659,33
231,742
723,968
142,681
72,267
238,937
585,873
520,83
415,921
342,477
196,300
345,201
358,848
80,4
446,160
758,486
176,446
565,514
237,152
235,714
50,359
329,764
258,560
227,155
837,325
963,752
722,815
466,199
101,358
376,995
641,262
497,861
915,934
630,225
765,520
533,327
476,343
673,360
905,750
164,925
690,689
40,972
895,379
261,877
979,789
756,607
746,852
98,199
828,237
656,922
611,517
791,400
522,383
769,152
520,370
223,311
834,344
175,929
587,760
334,671
543,865
661,489
652,952
63,820
501,562
714,271
767,155
271,179
413,318
120,671
254,724
836,104
415,702
159,237
774,744
89,370
609,43
845,894
495,821
774,28
701,643
293,43
279,755
662,849
122,934
541,806
124,208
886,82
404,139
611,772
932,366
870,924
229,623
914,74
461,239
327,971
717,415
249,103
597,713
964,409
781,225
981,827
178,24
276,854
891,683
619,83
642,270
17,619
452,604
822,105
640,144
301,282
891,651
170,476
783,794
71,779
324,322
534,451
641,154
204,377
